data/images/cfc_000234.jpg 387,542,438,591,0 666,336,794,525,0 1101,539,1125,562,0
data/images/cfc_000236.jpg 821,0,1613,230,0 787,57,1008,315,0 1015,146,1269,275,0 1280,75,1611,230,0
data/images/cfc_000252.jpg 863,431,937,499,0 794,497,858,538,0 1094,563,1129,599,0 809,570,828,600,0
data/images/cfc_000250.jpg 679,503,716,537,0 645,536,672,556,0
data/images/cfc_000244.jpg 757,493,801,524,0 814,493,855,526,0
data/images/cfc_000235.jpg 1126,551,1144,575,0 1382,309,1494,433,0 1499,357,1637,412,0 1641,316,1819,391,0
data/images/cfc_000245.jpg 738,506,792,546,0 806,509,849,548,0
data/images/cfc_000248.jpg 706,292,767,319,0 574,314,717,425,0 499,530,525,553,0 754,323,872,430,0
data/images/cfc_000249.jpg 595,518,626,545,0 191,0,616,123,0 706,0,1061,133,0
data/images/cfc_000246.jpg 685,459,751,511,0 768,461,824,511,0
data/images/cfc_000251.jpg 784,488,831,531,0 741,531,782,555,0 917,575,935,593,0
data/images/cfc_000247.jpg 678,400,719,419,0 593,415,688,487,0 405,541,432,563,0 708,418,787,491,0
